30
9
68
42
9
44
45
60
38
52
57
12
96
5
84
20
2
88
44
63
73
44
35
61
77
81
99
54
66
40
83
0
93
35
44
29
83
40
85
34
54
9
85
79
86
54
56
53
52
50
45
94
75
81
27
73
7
43
86
89
79
59
78
84
19
75
35
53
11
79
23
10
3
97
5
88
19
31
34
81
79
92
63
72
65
70
75
13
87
90
27
96
41
31
16
0
35
28
57
97
24
76
2
31
99
55
52
54
78
7
11
23
90
34
78
37
98
71
78
96
92
57
66
79
35
7
4
1
30
91
65
87
41
14
31
17
54
28
8
7
24
93
86
59
17
31
29
0
17
41
9
87
3
37
43
82
96
73
71
85
67
35
25
45
28
15
84
37
2
28
31
16
51
79
95
37
62
92
54
62
41
22
3
12
0
65
42
12
2
64
31
47
59
93
99
36
97
14
52
50
45
53
47
88
65
60
79
54
23
80
80
11
55
39
25
93
66
78
87
50
25
44
76
44
26
1
41
11
74
66
52
32
39
90
34
86
24
68
5
25
20
72
74
50
4
52
85
70
70
11
90
0
99
13
41
22
76
54
5
92
88
5
90
67
66
13
81
25
70
91
17
18
59
3
33
9
45
29
42
1
60
17
26
26
29
31
98
20
52
84
32
37
28
18
74
4
59
31
28
46
54
41
44
86
6
74
37
78
88
27
45
16
71
71
93
31
36
45
0
26
15
24
18
39
97
85
35
58
5
55
63
13
57
66
94
48
89
4
42
86
59
64
81
26
16
50
89
12
75
45
38
56
0
14
36
66
3
37
9
97
74
89
86
30
17
18
98
84
53
74
76
61
41
85
95
95
75
97
4
69
50
34
24
7
84
37
31
38
54
24
1
93
75
90
17
92
95
93
24
30
18
28
99
98
99
71
21
32
19
9
4
34
57
56
91
2
43
50
18
74
70
89
30
59
12
78
36
60
32
43
40
63
20
68
95
98
63
80
86
64
1
14
82
3
4
99
26
78
24
84
8
43
99
80
13
34
88
40
86
58
63
60
55
66
42
1
24
97
70
66
15
55
92
71
14
95
31
20
62
73
0
56
73
9
30
53
96
23
84
69
49
86
20
28
33
63
25
29
29
11
9
31
31
54
77
48
24
11
47
65
58
85
87
89
56
60
74
44
18
16
63
16
35
32
87
3
77
43
73
45
36
32
95
93
95
23
76
38
96
11
11
27
39
93
5
92
15
40
7
69
37
79
19
2
61
35
44
49
55
53
89
68
63
35
84
46
74
12
13
1
14
3
91
62
72
46
81
8
8
32
93
72
5
71
33
50
16
40
64
6
99
25
62
42
68
98
56
68
72
1
87
76
34
91
63
22
45
23
19
62
56
65
92
93
58
25
96
45
34
67
1
74
18
27
59
64
13
98
75
1
42
48
75
91
91
94
91
43
47
48
61
85
68
31
28
52
37
0
18
47
48
12
81
78
0
0
2
82
19
18
30
51
83
47
28
0
79
25
83
30
89
29
81
82
26
89
66
49
2
68
8
27
6
22
31
76
96
63
76
15
18
41
3
29
88
45
79
20
76
24
0
21
27
11
59
25
27
69
56
73
43
13
57
73
12
39
11
77
10
4
28
52
30
22
64
50
88
23
16
2
95
15
72
37
86
93
33
49
11
61
8
70
71
0
70
66
73
29
89
42
95
44
8
24
99
6
44
76
71
76
15
27
13
65
77
7
70
59
5
18
73
54
5
49
75
23
15
10
47
84
10
29
98
90
85
96
29
97
83
30
58
24
67
22
88
27
78
41
85
89
95
85
15
72
3
22
73
21
8
92
69
90
72
99
51
94
10
31
23
99
57
23
16
47
40
28
9
57
11
68
2
8
9
42
88
42
35
30
80
71
32
4
30
29
33
5
27
68
13
90
71
91
34
37
53
73
48
24
76
43
52
73
14
87
81
88
19
70
79
71
65
91
35
39
12
11
28
69
97
13
27
36
39
42
15
55
74
35
85
4
12
97
10
98
99
18
31
64
86
2
5
98
32
36
55
93
45
9
65
29
66
16
79
30
57
88
79
89
15
24
96
56
3
50
68
57
29
50
76
37
11
31
67
84
71
34
74
41
78
58
44
3
33
49
71
40
67
13
77
15
15
61
88
61
80
87
93
44
22
98
28
12
23
52
31
91
68
90
69
84
31
29
97
77
71
29
48
25
54
41
3
65
38
25
86
15
26
52
47
65
45
2
47
32
27
51
44
65
3
54
